1762501211896 0.5257142857142857 1
1762501243682 0.7485714285714286 2
1762501276103 0.8228571428571428 3
1762501307350 0.8914285714285715 4
1762501339590 0.92 5
1762501372274 0.9485714285714286 6
1762501404166 0.9428571428571428 7
1762501436569 0.9714285714285714 8
1762501468980 0.9942857142857143 9
1762501500258 1.0 10
1762501532937 1.0 11
1762501565177 1.0 12
1762501597340 1.0 13
1762501630191 1.0 14
1762501662248 1.0 15
1762501694739 1.0 16
1762501726779 1.0 17
1762501758257 1.0 18
1762501790167 1.0 19
1762501822058 1.0 20
1762501853154 1.0 21
1762501884920 1.0 22
1762501917805 1.0 23
1762501949383 1.0 24
1762501980702 1.0 25
1762502011559 1.0 26
1762502043747 1.0 27
1762502076317 1.0 28
1762502109716 1.0 29
1762502142850 1.0 30
1762502175394 1.0 31
1762502214448 1.0 32
1762502253877 1.0 33
1762502292577 1.0 34
1762502331287 1.0 35
1762502369899 1.0 36
1762502410524 1.0 37
1762502447350 1.0 38
1762502485543 1.0 39
1762502525235 1.0 40
1762502562885 1.0 41
1762502602722 1.0 42
