1762501211893 0.7440378665924072 1
1762501243680 0.5523025691509247 2
1762501276099 0.46523497998714447 3
1762501307346 0.39830149710178375 4
1762501339587 0.3463526467482249 5
1762501372270 0.2950221225619316 6
1762501404164 0.3023598293463389 7
1762501436566 0.26747484505176544 8
1762501468976 0.2393657589952151 9
1762501500254 0.2360344702998797 10
1762501532933 0.22569724172353745 11
1762501565173 0.22082349906365076 12
1762501597336 0.22246279815832773 13
1762501630187 0.2143369639913241 14
1762501662245 0.21743636081616083 15
1762501694735 0.21485662957032522 16
1762501726775 0.2203395590186119 17
1762501758253 0.21401380747556686 18
1762501790163 0.2101859301328659 19
1762501822054 0.2089021106561025 20
1762501853151 0.20832101752360663 21
1762501884918 0.21164346486330032 22
1762501917803 0.20695869127909342 23
1762501949380 0.20895899832248688 24
1762501980698 0.20593427866697311 25
1762502011555 0.20632599790891012 26
1762502043743 0.20321263621250787 27
1762502076315 0.20440659175316492 28
1762502109712 0.20532477895418802 29
1762502142846 0.20270517220099768 30
1762502175391 0.2035710190733274 31
1762502214443 0.2034513329466184 32
1762502253873 0.20380054414272308 33
1762502292573 0.2019361431399981 34
1762502331282 0.20237532506386438 35
1762502369895 0.20339656869570413 36
1762502410520 0.2030775472521782 37
1762502447345 0.20227698485056558 38
1762502485539 0.20341583838065466 39
1762502525232 0.2020034765203794 40
1762502562881 0.20308355738719305 41
1762502602717 0.2029073586066564 42
