1762494386424 0.7506288091341654 1
1762494424398 0.5237241635719935 2
1762494463828 0.4225064069032669 3
1762494502774 0.39140904943148297 4
1762494543321 0.39026134212811786 5
1762494581110 0.3366982936859131 6
1762494619716 0.3016613920529683 7
1762494659032 0.2586805472771327 8
1762494697634 0.2781296322743098 9
1762494736918 0.2563267797231674 10
1762494775030 0.2323224519689878 11
1762494811950 0.22557693471511206 12
1762494851201 0.2218854750196139 13
1762494890163 0.21410710364580154 14
1762494927362 0.21894714484612146 15
1762494965211 0.21560872346162796 16
1762495004235 0.21217280377944311 17
1762495044035 0.2145898093779882 18
1762495083923 0.2106938287615776 19
1762495123685 0.21023535976807275 20
1762495162350 0.2081606090068817 21
1762495199807 0.20658554881811142 22
1762495237647 0.20773812631766 23
1762495277127 0.2070960079630216 24
1762495314938 0.20938589423894882 25
1762495354412 0.2054371436436971 26
1762495392817 0.2046564295887947 27
1762495430567 0.2067965641617775 28
1762495468658 0.2059661125143369 29
1762495507602 0.20662738631169 30
