1762494386428 0.6 1
1762494424402 0.7771428571428571 2
1762494463833 0.8285714285714286 3
1762494502777 0.8914285714285715 4
1762494543325 0.9314285714285714 5
1762494581115 0.9257142857142857 6
1762494619721 0.9657142857142857 7
1762494659036 0.9885714285714285 8
1762494697638 0.9828571428571429 9
1762494736923 0.9828571428571429 10
1762494775035 1.0 11
1762494811955 1.0 12
1762494851206 1.0 13
1762494890168 1.0 14
1762494927367 1.0 15
1762494965217 1.0 16
1762495004239 1.0 17
1762495044041 1.0 18
1762495083927 1.0 19
1762495123690 1.0 20
1762495162355 1.0 21
1762495199812 1.0 22
1762495237651 1.0 23
1762495277130 1.0 24
1762495314942 1.0 25
1762495354417 1.0 26
1762495392821 1.0 27
1762495430571 1.0 28
1762495468662 1.0 29
1762495507607 1.0 30
