1761868556318 0.5371428571428571 1
1761868570570 0.6514285714285715 2
1761868599422 0.7657142857142857 3
1761868625269 0.7942857142857143 4
1761868651169 0.9142857142857143 5
1761868663631 0.9142857142857143 6
1761868690678 0.9257142857142857 7
1761868704791 0.9371428571428572 8
1761868718094 0.9257142857142857 9
1761868743828 0.9371428571428572 10
1761868756468 0.9771428571428571 11
1761868770691 0.96 12
1761868798112 0.9657142857142857 13
1761868827827 0.9485714285714286 14
1761868842464 0.9771428571428571 15
1761868870795 0.9771428571428571 16
1761868887515 1.0 17
1761868902539 0.9942857142857143 18
1761868916245 0.9885714285714285 19
1761868929921 0.9942857142857143 20
1761868942997 1.0 21
1761868956705 1.0 22
1761868970906 0.9942857142857143 23
1761868984706 1.0 24
1761868998692 1.0 25
1761869012637 0.9942857142857143 26
1761869025969 1.0 27
1761869039965 1.0 28
1761869053891 1.0 29
1761869068053 1.0 30
1761869081736 1.0 31
1761869095843 1.0 32
