1761868556313 32.483514189720154 1
1761868570565 7.806626319885254 2
1761868599417 5.528227865695953 3
1761868625266 5.253833740949631 4
1761868651166 4.341153383255005 5
1761868663626 4.3194354474544525 6
1761868690675 3.6795206367969513 7
1761868704787 3.665939062833786 8
1761868718089 3.655835300683975 9
1761868743824 3.836800903081894 10
1761868756463 3.2051941454410553 11
1761868770688 3.383602514863014 12
1761868798107 2.988031581044197 13
1761868827823 3.08943447470665 14
1761868842461 2.9614331871271133 15
1761868870792 2.873286932706833 16
1761868887511 2.7267687022686005 17
1761868902536 2.63738813996315 18
1761868916242 2.736260011792183 19
1761868929918 2.641465038061142 20
1761868942993 2.454811617732048 21
1761868956700 2.5060692727565765 22
1761868970902 2.5227585583925247 23
1761868984703 2.4594553112983704 24
1761868998689 2.4397681802511215 25
1761869012632 2.4363422095775604 26
1761869025964 2.4101835042238235 27
1761869039961 2.4009386003017426 28
1761869053888 2.368032783269882 29
1761869068049 2.43076054751873 30
1761869081733 2.387589007616043 31
1761869095840 2.386418268084526 32
