1761850967840 0.5314285714285715 1
1761850981818 0.6571428571428571 2
1761850994962 0.7028571428571428 3
1761851007366 0.76 4
1761851033649 0.8114285714285714 5
1761851046933 0.8571428571428571 6
1761851059448 0.8514285714285714 7
1761851072507 0.8914285714285715 8
1761851085607 0.8971428571428571 9
1761851098232 0.9485714285714286 10
1761851124162 0.9142857142857143 11
1761851138182 0.9257142857142857 12
1761851151975 0.9257142857142857 13
1761851165644 0.9371428571428572 14
1761851178711 0.9828571428571429 15
1761851192468 0.9771428571428571 16
1761851206217 0.9428571428571428 17
1761851219971 0.9542857142857143 18
1761851247690 0.9542857142857143 19
1761851260812 0.9828571428571429 20
1761851274328 0.9885714285714285 21
1761851288155 0.9771428571428571 22
1761851300731 0.9885714285714285 23
1761851313714 0.9828571428571429 24
1761851327457 0.9942857142857143 25
1761851354265 0.9771428571428571 26
1761851380455 0.9942857142857143 27
