1761850967833 30.39678454399109 1
1761850981813 7.554165840148926 2
1761850994958 6.358986139297485 3
1761851007361 5.8843240439891815 4
1761851033644 5.373070657253265 5
1761851046929 5.1032101809978485 6
1761851059442 4.81048583984375 7
1761851072502 4.281279355287552 8
1761851085601 4.447732388973236 9
1761851098227 3.8449744880199432 10
1761851124157 3.995101124048233 11
1761851138178 3.814139723777771 12
1761851151971 3.468162626028061 13
1761851165640 3.4344767332077026 14
1761851178707 3.1037422120571136 15
1761851192465 3.0123960971832275 16
1761851206214 3.3895935118198395 17
1761851219968 3.315786525607109 18
1761851247687 3.216852083802223 19
1761851260809 2.968471869826317 20
1761851274324 2.9062292724847794 21
1761851288151 2.8960718363523483 22
1761851300726 2.745053321123123 23
1761851313709 2.7502253651618958 24
1761851327453 2.8361750692129135 25
1761851354260 2.7818174064159393 26
1761851380450 2.7130791544914246 27
