1761708309725 0.7178383526347932 1
1761708332292 0.6932690342267355 2
1761708355049 0.6899633464359102 3
1761708377691 0.6317494823819115 4
1761708400422 0.6148155260653723 5
1761708423114 0.6035691371985844 6
1761708445784 0.48801389762333464 7
1761708468354 0.4551043042114803 8
1761708490958 0.34126468144711997 9
1761708513701 0.31885302528029397 10
1761708536262 0.21781796642712184 11
1761708559034 0.10409278410675359 12
1761708581776 0.04525443403759882 13
1761708604369 0.01828608492810634 14
1761708626969 0.016725489741345103 15
1761708649695 0.019730572002767337 16
1761708672288 0.011769705661295336 17
1761708694920 0.02122863081629995 18
1761708717589 0.03669516163660903 19
1761708740134 0.10319592836770296 20
1761708762867 0.07810146567810859 21
1761708785223 0.07135681174808962 22
1761708808369 0.02198405312013901 23
1761708831962 0.018585750385509095 24
1761708855429 0.0061332124106619245 25
1761708878582 0.0014272538859846204 26
1761708901459 0.0008669585766342823 27
1761708924469 0.0008565843355356828 28
1761708947965 0.0008463847014874253 29
1761708971516 0.006861413069633012 30
1761708994598 0.00042999418669507704 31
1761709017097 0.0035590839123696718 32
1761709040906 0.0006292877547561407 33
1761709066879 0.00029436964604742785 34
1761709090907 0.0029287430629151025 35
