1761708309728 0.5060975609756098 1
1761708332298 0.5 2
1761708355053 0.4695121951219512 3
1761708377695 0.6890243902439024 4
1761708400427 0.676829268292683 5
1761708423118 0.7134146341463414 6
1761708445789 0.7621951219512195 7
1761708468358 0.823170731707317 8
1761708490962 0.8536585365853658 9
1761708513705 0.8536585365853658 10
1761708536266 0.9146341463414634 11
1761708559040 0.9634146341463414 12
1761708581781 0.9939024390243902 13
1761708604374 1.0 14
1761708626975 0.9878048780487805 15
1761708649700 0.9939024390243902 16
1761708672293 1.0 17
1761708694926 0.9878048780487805 18
1761708717593 0.9817073170731707 19
1761708740139 0.9573170731707317 20
1761708762872 0.9817073170731707 21
1761708785228 0.975609756097561 22
1761708808373 0.9939024390243902 23
1761708831965 0.9878048780487805 24
1761708855432 1.0 25
1761708878587 1.0 26
1761708901463 1.0 27
1761708924474 1.0 28
1761708947969 1.0 29
1761708971519 1.0 30
1761708994602 1.0 31
1761709017101 1.0 32
1761709040909 1.0 33
1761709066884 1.0 34
1761709090912 1.0 35
