1761801959231 17.556673884391785 1
1761801969348 6.90492656826973 2
1761801979441 7.433420717716217 3
1761801989811 6.044007778167725 4
1761802000212 6.062766581773758 5
1761802010587 5.23490697145462 6
1761802020767 4.796077162027359 7
1761802031170 4.739070892333984 8
1761802041911 4.678359806537628 9
1761802052079 4.394014298915863 10
1761802065065 4.560028076171875 11
1761802077387 4.35707825422287 12
1761802090727 3.8121523708105087 13
1761802104219 3.7904594242572784 14
1761802117414 3.5034631490707397 15
1761802129916 3.2255387157201767 16
1761802143296 3.180646076798439 17
1761802156357 3.7648826390504837 18
1761802170424 3.6844965517520905 19
1761802184245 3.9305264949798584 20
1761802196625 3.3218196630477905 21
1761802208783 3.426694557070732 22
1761802220677 3.271616503596306 23
