1761801959234 0.5588235294117647 1
1761801969352 0.6705882352941176 2
1761801979445 0.611764705882353 3
1761801989814 0.7411764705882353 4
1761802000214 0.7470588235294118 5
1761802010589 0.8411764705882353 6
1761802020770 0.8529411764705882 7
1761802031172 0.8764705882352941 8
1761802041914 0.8705882352941177 9
1761802052081 0.8705882352941177 10
1761802065070 0.8588235294117647 11
1761802077390 0.8647058823529412 12
1761802090730 0.9235294117647059 13
1761802104222 0.9 14
1761802117417 0.9235294117647059 15
1761802129921 0.9470588235294117 16
1761802143299 0.9705882352941176 17
1761802156360 0.9176470588235294 18
1761802170427 0.9352941176470588 19
1761802184251 0.9411764705882353 20
1761802196630 0.9411764705882353 21
1761802208787 0.9294117647058824 22
1761802220682 0.9411764705882353 23
