1762497803286 0.52 1
1762497843104 0.6971428571428572 2
1762497882627 0.7885714285714286 3
1762497921363 0.8628571428571429 4
1762497961567 0.8914285714285715 5
1762498002095 0.92 6
1762498042117 0.9657142857142857 7
1762498083659 0.9657142857142857 8
1762498125414 0.9542857142857143 9
1762498164438 0.9828571428571429 10
1762498205089 0.9885714285714285 11
1762498245617 1.0 12
1762498286901 0.9942857142857143 13
1762498327728 0.9828571428571429 14
1762498368939 0.9942857142857143 15
1762498410614 0.9942857142857143 16
1762498450851 1.0 17
1762498492229 0.9942857142857143 18
1762498526496 1.0 19
1762498557794 1.0 20
1762498589452 1.0 21
1762498621927 1.0 22
1762498652866 1.0 23
1762498686495 1.0 24
