1762497803282 1.3785811364650726 1
1762497843099 0.6642707685629526 2
1762497882622 0.5315876056750616 3
1762497921359 0.4620112031698227 4
1762497961562 0.3735047976175944 5
1762498002090 0.33489642043908435 6
1762498042111 0.29710983236630756 7
1762498083656 0.2941124538580577 8
1762498125409 0.2842344095309575 9
1762498164432 0.26248390475908917 10
1762498205084 0.26364872604608536 11
1762498245610 0.24910900741815567 12
1762498286896 0.23693780104319254 13
1762498327722 0.23999573290348053 14
1762498368934 0.22601094096899033 15
1762498410609 0.231666329006354 16
1762498450848 0.22562512010335922 17
1762498492224 0.22315147270758948 18
1762498526492 0.218735138575236 19
1762498557790 0.21291579554478327 20
1762498589448 0.2145974338054657 21
1762498621925 0.21360783527294794 22
1762498652861 0.2093928853670756 23
1762498686492 0.2090721850593885 24
