1761849238104 0.5028571428571429 1
1761849252107 0.6342857142857142 2
1761849266310 0.6971428571428572 3
1761849278901 0.76 4
1761849292591 0.72 5
1761849306054 0.7942857142857143 6
1761849319360 0.8571428571428571 7
1761849332630 0.8342857142857143 8
1761849345942 0.84 9
1761849358565 0.8971428571428571 10
1761849370637 0.92 11
1761849384182 0.96 12
1761849396796 0.9657142857142857 13
1761849409216 0.9942857142857143 14
1761849422196 0.9828571428571429 15
1761849435013 0.9942857142857143 16
1761849447864 1.0 17
1761849461601 1.0 18
1761849474530 0.9942857142857143 19
1761849487408 1.0 20
1761849500016 0.9885714285714285 21
1761849512822 1.0 22
1761849525435 1.0 23
1761849538338 1.0 24
1761849551460 1.0 25
1761849564776 1.0 26
1761849577656 1.0 27
1761849590319 0.9942857142857143 28
1761849602722 1.0 29
1761849615621 0.9942857142857143 30
1761849627888 1.0 31
1761849640132 1.0 32
1761849652048 1.0 33
1761849664156 1.0 34
