1761849238099 40.45719939470291 1
1761849252103 7.453516662120819 2
1761849266307 6.53842231631279 3
1761849278896 6.0419377982616425 4
1761849292587 6.036018341779709 5
1761849306050 5.604477912187576 6
1761849319355 5.005068451166153 7
1761849332625 5.5884252190589905 8
1761849345938 5.27054238319397 9
1761849358561 4.073937714099884 10
1761849370634 3.8464925587177277 11
1761849384177 3.3462865352630615 12
1761849396791 3.163018062710762 13
1761849409211 2.953208699822426 14
1761849422193 2.885178968310356 15
1761849435008 2.730624869465828 16
1761849447859 2.5921864360570908 17
1761849461597 2.630979001522064 18
1761849474527 2.6166437417268753 19
1761849487404 2.547774061560631 20
1761849500013 2.6811344921588898 21
1761849512818 2.6551346629858017 22
1761849525432 2.508105903863907 23
1761849538335 2.461678370833397 24
1761849551457 2.5319543927907944 25
1761849564773 2.418477013707161 26
1761849577653 2.51116606593132 27
1761849590316 2.5385973155498505 28
1761849602718 2.4842641204595566 29
1761849615618 2.4930412471294403 30
1761849627885 2.425186723470688 31
1761849640129 2.4022833704948425 32
1761849652046 2.429432675242424 33
1761849664153 2.3890518248081207 34
