1762492137100 1.8952126801013947 1
1762492169711 0.6417317589124044 2
1762492201992 0.5795625547568003 3
1762492234434 0.5248934974273046 4
1762492265982 0.4669443219900131 5
1762492296891 0.45765232543150586 6
1762492327959 0.43919260799884796 7
1762492359735 0.4179750829935074 8
1762492391029 0.36919307212034863 9
1762492423408 0.34657906492551166 10
1762492454773 0.2874155069390933 11
1762492485581 0.25699006766080856 12
1762492517726 0.2606579313675563 13
1762492549964 0.26048823694388074 14
1762492581353 0.24266159037748972 15
1762492612325 0.23124927779038748 16
1762492644712 0.22235426555077234 17
1762492677140 0.23059620459874472 18
1762492707831 0.22557920465866724 19
1762492740166 0.22047345091899237 20
1762492771646 0.21745971590280533 21
1762492804257 0.22504830112059912 22
1762492839270 0.21413036435842514 23
1762492873494 0.21393552919228873 24
1762492906570 0.2164381816983223 25
1762492938448 0.21755688885847727 26
1762492970081 0.2147522270679474 27
1762493004496 0.2107870156566302 28
