1762492137104 0.5314285714285715 1
1762492169714 0.6742857142857143 2
1762492201996 0.7371428571428571 3
1762492234438 0.7771428571428571 4
1762492265987 0.8285714285714286 5
1762492296895 0.84 6
1762492327963 0.8628571428571429 7
1762492359739 0.8628571428571429 8
1762492391033 0.8914285714285715 9
1762492423412 0.9542857142857143 10
1762492454777 0.9542857142857143 11
1762492485585 0.9714285714285714 12
1762492517730 0.9828571428571429 13
1762492549969 0.9657142857142857 14
1762492581357 0.9885714285714285 15
1762492612329 0.9942857142857143 16
1762492644716 1.0 17
1762492677144 0.9942857142857143 18
1762492707835 0.9942857142857143 19
1762492740169 1.0 20
1762492771649 1.0 21
1762492804261 1.0 22
1762492839272 1.0 23
1762492873497 1.0 24
1762492906572 1.0 25
1762492938450 0.9942857142857143 26
1762492970085 1.0 27
1762493004499 1.0 28
