1762493729406 0.5771428571428572 1
1762493759982 0.7257142857142858 2
1762493791677 0.84 3
1762493823332 0.9085714285714286 4
1762493855441 0.9485714285714286 5
1762493887556 0.9485714285714286 6
1762493919520 0.9885714285714285 7
1762493951503 1.0 8
1762493982040 0.9942857142857143 9
1762494014293 0.9942857142857143 10
1762494046953 1.0 11
1762494078376 1.0 12
1762494110562 1.0 13
1762494141983 0.9942857142857143 14
1762494173431 1.0 15
1762494204811 1.0 16
1762494236929 1.0 17
1762494271697 1.0 18
1762494310225 1.0 19
1762494347872 1.0 20
