1762493729402 0.6915589471658071 1
1762493759978 0.5353973855574926 2
1762493791673 0.4530431181192398 3
1762493823328 0.3543289005756378 4
1762493855437 0.29947830736637115 5
1762493887552 0.291768213113149 6
1762493919516 0.25870096186796826 7
1762493951499 0.2440264771382014 8
1762493982035 0.24631386498610178 9
1762494014288 0.2305024191737175 10
1762494046948 0.22344019263982773 11
1762494078372 0.22159189730882645 12
1762494110559 0.21303823093573251 13
1762494141980 0.219968448082606 14
1762494173427 0.21410403649012247 15
1762494204808 0.21867921700080237 16
1762494236925 0.21091903994480768 17
1762494271692 0.21057168145974478 18
1762494310221 0.20756577203671137 19
1762494347867 0.2071679507692655 20
