1762493038060 0.5371428571428571 1
1762493069802 0.7428571428571429 2
1762493101282 0.84 3
1762493132652 0.8857142857142857 4
1762493164374 0.9085714285714286 5
1762493195778 0.9657142857142857 6
1762493226918 0.9828571428571429 7
1762493258473 0.9828571428571429 8
1762493289393 0.9942857142857143 9
1762493321033 0.9885714285714285 10
1762493352636 0.9942857142857143 11
1762493383263 0.9942857142857143 12
1762493414818 1.0 13
1762493446848 1.0 14
1762493478485 1.0 15
1762493510623 1.0 16
1762493542216 1.0 17
1762493573206 1.0 18
1762493604271 1.0 19
1762493635473 1.0 20
1762493666363 1.0 21
1762493697626 1.0 22
