1762493038058 0.7420501410961151 1
1762493069798 0.5641030271848043 2
1762493101278 0.4584585378567378 3
1762493132648 0.3885485629240672 4
1762493164370 0.35016189018885296 5
1762493195774 0.2980207602183024 6
1762493226913 0.27282945563395816 7
1762493258468 0.24638465295235315 8
1762493289389 0.2334071844816208 9
1762493321029 0.2290332242846489 10
1762493352632 0.22999432434638342 11
1762493383259 0.2301985720793406 12
1762493414814 0.21806143472592035 13
1762493446843 0.21628967175881067 14
1762493478482 0.2151910662651062 15
1762493510619 0.2137544055779775 16
1762493542213 0.2103283926844597 17
1762493573202 0.21014313399791718 18
1762493604267 0.20590118070443472 19
1762493635469 0.21032661199569702 20
1762493666359 0.20681681980689368 21
1762493697623 0.20660547663768133 22
