1762499853101 0.6714180012543997 1
1762499886221 0.609525223573049 2
1762499919288 0.44626836975415546 3
1762499952675 0.3967352310816447 4
1762499985200 0.3682120045026143 5
1762500017430 0.29652537902196247 6
1762500049157 0.2650943448146184 7
1762500081366 0.25169510394334793 8
1762500113710 0.23765205840269724 9
1762500147142 0.2282670189936956 10
1762500179767 0.22247387717167535 11
1762500211915 0.21831181148687998 12
1762500244946 0.21395439157883325 13
1762500277670 0.21202618132034937 14
1762500310957 0.21250576774279276 15
1762500343873 0.2093279485901197 16
1762500377394 0.21047536532084146 17
1762500409347 0.20750350753466287 18
1762500440629 0.21087883661190668 19
1762500471913 0.20868521432081857 20
1762500503785 0.20791871845722198 21
1762500535150 0.2077989454070727 22
1762500568199 0.20846581955750784 23
1762500600137 0.20739972591400146 24
1762500631260 0.20731481909751892 25
1762500663752 0.20747358600298563 26
