1762499853104 0.6171428571428571 1
1762499886225 0.7714285714285715 2
1762499919290 0.8628571428571429 3
1762499952678 0.8857142857142857 4
1762499985204 0.9257142857142857 5
1762500017434 0.9542857142857143 6
1762500049161 0.9657142857142857 7
1762500081371 1.0 8
1762500113714 0.9942857142857143 9
1762500147146 0.9942857142857143 10
1762500179770 1.0 11
1762500211919 1.0 12
1762500244950 1.0 13
1762500277673 1.0 14
1762500310961 1.0 15
1762500343877 1.0 16
1762500377398 1.0 17
1762500409350 1.0 18
1762500440632 1.0 19
1762500471917 1.0 20
1762500503789 1.0 21
1762500535154 1.0 22
1762500568203 1.0 23
1762500600140 1.0 24
1762500631264 1.0 25
1762500663756 1.0 26
