1761707549395 0.4817073170731707 1
1761707567987 0.7134146341463414 2
1761707586508 0.7195121951219512 3
1761707605529 0.7195121951219512 4
1761707624633 0.8109756097560976 5
1761707644047 0.8414634146341463 6
1761707662511 0.8902439024390244 7
1761707680966 0.9878048780487805 8
1761707699525 0.9024390243902439 9
1761707718090 0.9329268292682927 10
1761707736933 0.9939024390243902 11
1761707756496 0.9878048780487805 12
1761707775214 1.0 13
1761707794296 1.0 14
1761707813256 1.0 15
1761707832366 0.9878048780487805 16
1761707851668 0.9878048780487805 17
1761707871149 0.9939024390243902 18
1761707890241 0.9939024390243902 19
1761707912839 0.9878048780487805 20
1761707935030 0.9878048780487805 21
1761707957210 0.9939024390243902 22
1761707979567 0.9939024390243902 23
1761708001713 0.9817073170731707 24
