1761707549391 0.7336606780687968 1
1761707567984 0.6261137993562789 2
1761707586504 0.6565790559564318 3
1761707605526 0.4955944660164061 4
1761707624629 0.4871357927719752 5
1761707644043 0.36067422656785875 6
1761707662506 0.26873365825130824 7
1761707680962 0.10315693271834225 8
1761707699520 0.24397917544203146 9
1761707718086 0.17351050637218923 10
1761707736930 0.03888156036624596 11
1761707756492 0.0333340617736602 12
1761707775211 0.0038869651301259487 13
1761707794293 0.0043184894263201086 14
1761707813254 0.001500883518452784 15
1761707832362 0.01848337343091901 16
1761707851664 0.03755533719006399 17
1761707871147 0.024200716555545416 18
1761707890236 0.02781944601953174 19
1761707912834 0.026839636437043304 20
1761707935025 0.06166265461139292 21
1761707957205 0.017337628159674795 22
1761707979562 0.0316684881015265 23
1761708001708 0.03778662419794966 24
