1761709309690 0.7280162771542867 1
1761709333138 0.6801221143631708 2
1761709356449 0.6136202244531541 3
1761709379074 0.5280884064379192 4
1761709402347 0.4463619717529842 5
1761709424809 0.35632325318597613 6
1761709447913 0.234284971352844 7
1761709471310 0.1513024073626314 8
1761709495265 0.18086916554187024 9
1761709517479 0.09570971182325766 10
1761709539971 0.03558778104793635 11
1761709562257 0.013969145826693074 12
1761709585080 0.10449754066472192 13
1761709608651 0.21522559539326244 14
1761709630937 0.0689166909017201 15
1761709653520 0.0351335741427084 16
1761709676447 0.01102534802963159 17
1761709698874 0.008176534375317195 18
1761709722121 0.007345365686498033 19
1761709744692 0.004958983840835918 20
1761709767937 0.0009293903249705355 21
1761709791128 0.002049307450742314 22
1761709813504 0.0009829035316648688 23
1761709835779 0.0005229118540626132 24
