1761709309694 0.5 1
1761709333141 0.573170731707317 2
1761709356454 0.6829268292682927 3
1761709379077 0.7134146341463414 4
1761709402352 0.7865853658536586 5
1761709424813 0.8475609756097561 6
1761709447916 0.9207317073170732 7
1761709471315 0.9390243902439024 8
1761709495270 0.9146341463414634 9
1761709517483 0.9573170731707317 10
1761709539976 0.9939024390243902 11
1761709562261 1.0 12
1761709585084 0.975609756097561 13
1761709608656 0.926829268292683 14
1761709630942 0.9695121951219512 15
1761709653524 0.9817073170731707 16
1761709676451 1.0 17
1761709698879 1.0 18
1761709722125 0.9939024390243902 19
1761709744698 1.0 20
1761709767942 1.0 21
1761709791132 1.0 22
1761709813509 1.0 23
1761709835782 1.0 24
