1762498720845 1.875590314467748 1
1762498753842 0.6563141544659933 2
1762498786890 0.6010798315207163 3
1762498819953 0.5306953340768814 4
1762498851367 0.4716462542613347 5
1762498882419 0.39462345838546753 6
1762498915121 0.36494975288709003 7
1762498946468 0.35861705243587494 8
1762498978936 0.30371912320454914 9
1762499012081 0.29659714301427204 10
1762499044652 0.26740944137175876 11
1762499076959 0.26194480061531067 12
1762499109753 0.26655445992946625 13
1762499141521 0.23856986810763678 14
1762499173082 0.24399441728989282 15
1762499206168 0.22746859242518744 16
1762499237505 0.21984597047170004 17
1762499269408 0.2255915403366089 18
1762499301678 0.22017358243465424 19
1762499334634 0.21950027346611023 20
1762499366978 0.21558418621619543 21
1762499399346 0.2182293857137362 22
1762499431528 0.21536917487780252 23
1762499463689 0.21542994181315103 24
