1762498720850 0.5085714285714286 1
1762498753845 0.6171428571428571 2
1762498786894 0.6914285714285714 3
1762498819957 0.7942857142857143 4
1762498851371 0.8171428571428572 5
1762498882424 0.8971428571428571 6
1762498915125 0.9028571428571428 7
1762498946472 0.9142857142857143 8
1762498978938 0.9485714285714286 9
1762499012086 0.9428571428571428 10
1762499044656 0.9771428571428571 11
1762499076963 0.9828571428571429 12
1762499109757 0.9657142857142857 13
1762499141524 0.9942857142857143 14
1762499173086 0.9885714285714285 15
1762499206171 1.0 16
1762499237510 1.0 17
1762499269411 1.0 18
1762499301682 1.0 19
1762499334638 1.0 20
1762499366982 1.0 21
1762499399349 1.0 22
1762499431532 1.0 23
1762499463692 1.0 24
