1761705497832 0.7426346361637115 1
1761705517435 0.6849583476781845 2
1761705537006 0.6547923237085342 3
1761705556543 0.649120943248272 4
1761705576149 0.5616501182317734 5
1761705595635 0.4382226034998894 6
1761705615295 0.3953341908752918 7
1761705634835 0.34687337558716536 8
1761705654396 0.28714815676212313 9
1761705673930 0.26857123505324126 10
1761705693460 0.2636293165385723 11
1761705713035 0.21102711874991656 12
1761705732630 0.20155203132890165 13
1761705752204 0.18552308669313788 14
1761705771753 0.14292428721673786 15
1761705791273 0.1538977683871053 16
1761705811210 0.13978688661009073 17
1761705830714 0.13148119086399673 18
1761705850296 0.12658707788214088 19
