1762495547096 0.46285714285714286 1
1762495584056 0.6342857142857142 2
1762495624446 0.6514285714285715 3
1762495665627 0.6742857142857143 4
1762495703732 0.7714285714285715 5
1762495742617 0.7942857142857143 6
1762495783507 0.8 7
1762495824163 0.8571428571428571 8
1762495863743 0.8628571428571429 9
1762495901831 0.8857142857142857 10
1762495940980 0.9085714285714286 11
1762495981675 0.9314285714285714 12
1762496020838 0.9371428571428572 13
1762496060272 0.9371428571428572 14
1762496101075 0.9714285714285714 15
1762496140221 0.9885714285714285 16
1762496179329 0.9885714285714285 17
1762496219891 0.9828571428571429 18
1762496260008 0.9771428571428571 19
1762496300110 1.0 20
1762496342642 0.9942857142857143 21
1762496380326 0.9942857142857143 22
1762496419515 1.0 23
1762496458940 0.9885714285714285 24
1762496498272 1.0 25
1762496537105 0.9942857142857143 26
1762496576168 1.0 27
1762496614491 1.0 28
1762496653484 0.9942857142857143 29
1762496694568 0.9942857142857143 30
1762496733506 0.9942857142857143 31
1762496771999 1.0 32
