1762495547092 4.36309877038002 1
1762495584052 1.1954163908958435 2
1762495624443 0.7261037230491638 3
1762495665623 0.6434374749660492 4
1762495703728 0.5311234990755717 5
1762495742612 0.5495498279730479 6
1762495783503 0.4666427771250407 7
1762495824158 0.4407619734605153 8
1762495863739 0.4358533372481664 9
1762495901826 0.3763224283854167 10
1762495940977 0.35395026206970215 11
1762495981672 0.33500387767950696 12
1762496020834 0.31777098774909973 13
1762496060268 0.31258082389831543 14
1762496101070 0.27763619522253674 15
1762496140217 0.2603336622317632 16
1762496179324 0.2581065048774083 17
1762496219886 0.24864317973454794 18
1762496260004 0.2637236565351486 19
1762496300106 0.2374022180835406 20
1762496342638 0.25598861773808795 21
1762496380322 0.23697674771149954 22
1762496419511 0.23590650906165442 23
1762496458937 0.25272250672181445 24
1762496498267 0.23673574378093085 25
1762496537102 0.2364737590154012 26
1762496576164 0.22690254201491675 27
1762496614487 0.23191552112499872 28
1762496653481 0.22836049646139145 29
1762496694564 0.22411172340313593 30
1762496733503 0.23865289986133575 31
1762496771995 0.2211687887708346 32
